6
52
-16.1991584852735 -96.56381486676017
-16.1991584852735 -96.56381486676017
-16.619915848527356 -97.40532959326788
-15.357643758765775 -98.24684431977559
-14.516129032258064 -98.24684431977559
-11.570827489481061 -98.66760168302946
-9.88779803646564 -98.66760168302946
-8.625525946704073 -98.66760168302946
-6.100981767180926 -96.98457223001402
-4.417952314165504 -93.19775596072932
-1.8934081346423568 -87.72791023842917
-1.8934081346423568 -81.41654978962131
-1.8934081346423568 -76.78821879382889
-3.5764375876577787 -72.15988779803646
-6.100981767180926 -69.21458625525946
-8.625525946704073 -66.26928471248246
-11.991584852734917 -64.16549789621318
-15.357643758765775 -62.48246844319776
-17.882187938288922 -61.22019635343618
-19.565217391304344 -59.95792426367461
-19.565217391304344 -59.95792426367461
-19.9859747545582 -59.53716690042076
-19.9859747545582 -59.53716690042076
-19.9859747545582 -59.53716690042076
-19.9859747545582 -59.53716690042076
-19.9859747545582 -59.53716690042076
-19.9859747545582 -59.53716690042076
-19.9859747545582 -59.53716690042076
-18.302945301542778 -59.95792426367461
-16.1991584852735 -60.37868162692847
-13.674614305750353 -60.37868162692847
-11.15007012622722 -60.37868162692847
-9.046283309957929 -60.37868162692847
-6.942496493688637 -59.53716690042076
-2.7349228611500678 -57.01262272089761
1.472650771388487 -53.64656381486675
3.9971949509116342 -51.12201963534362
6.521739130434796 -47.75596072931276
7.363253856942492 -45.231416549789614
8.625525946704073 -41.865357643758756
9.046283309957929 -38.49929873772791
9.046283309957929 -35.133239831697054
9.046283309957929 -31.34642356241234
9.046283309957929 -28.401122019635338
7.363253856942492 -26.718092566619916
5.68022440392707 -24.19354838709677
3.9971949509116342 -21.669004207573636
-1.8934081346423568 -18.723702664796633
-8.625525946704073 -15.77840112201963
-17.040673211781197 -11.991584852734917
-23.772791023842913 -11.570827489481076
-25.45582047685835 -12.412342215988787